33.791
23.4649
30.142
23.3095
40.8616
42.8516
29.2683
29.7108
21.0006
44.1839
37.3251
43.5541
29.9424
37.6818
39.7087
38.7772
16.2908
23.9706
41.542
40.3135
20.9221
34.1857
39.764
90.0226
24.6598
39.8911
43.3148
37.1498
17.2096
38.8286
29.838
35.1074
41.778
33.6835
26.9659
40.5455
26.1136
35.8067
19.2646
32.9754
80.9907
33.5031
29.9764
30.73
31.0939
38.9454
24.174
25.3763
28.854
41.3355
37.5952
23.8099
46.1263
29.404
61.3105
17.5688
42.1504
28.9016
34.5932
21.542
31.3386
27.3791
50.5217
40.154
32.3712
36.8499
40.3421
46.9132
29.0501
62.4108
35.5928
29.6664
35.0423
43.182
32.3375
33.9488
43.3863
34.6193
44.9064
19.5575
24.7901
38.8627
32.6461
29.697
38.9515
32.4715
74.4938
31.8521
25.256
36.8695
39.8385
29.2907
29.167
24.0576
31.9621
88.6553
39.5962
11.4633
38.3147
24.3905
37.2438
46.791
25.5809
42.6748
44.6622
27.9613
47.1512
36.8764
39.1727
36.0261
31.1811
30.1564
37.0325
39.8014
13.6102
31.318
24.4627
24.0598
26.1268
25.3636
45.5359
74.3505
37.6138
32.7367
31.6691
3.59262
33.5918
33.9712
36.2016
47.8063
41.44
19.4619
29.3856
37.0318
24.0801
25.5009
39.4026
33.4583
39.3449
46.8964
35.1806
40.4546
27.4177
44.8712
23.9919
38.8139
36.7705
36.2012
45.6387
41.5979
43.822
86.59
38.2315
28.4132
37.1883
34.3644
17.3791
22.6548
46.273
33.3247
39.2405
39.7734
34.7464
33.0479
29.3028
48.2091
39.6741
30.1402
31.9724
37.1045
27.2289
24.4825
34.0759
29.9257
10.0794
28.874
41.4615
36.1737
49.0106
43.0683
24.4562
11.6564
34.7122
38.3926
48.2038
43.1607
31.936
0.481605
14.237
32.5891
31.44
46.7104
48.2544
16.9826
38.934
48.7064
32.329
27.9629
18.3015
38.9025
33.1716
19.0685
27.0961
11.9897
32.6583
23.46
34.0363
27.9754
21.8754
48.0651
46.695
43.4475
20.7655
35.5567
29.7721
48.021
25.1317
40.7835
37.2848
37.5185
33.6301
43.3784
81.6593
43.4488
35.2738
32.875
42.4942
27.1938
45.5012
35.0588
45.0823
39.2418
40.8113
26.6345
41.8838
83.3741
28.2821
22.1097
43.117
35.2175
37.2814
34.4079
32.963
41.3818
37.3771
41.6272
31.4181
34.6248
35.0551
30.8558
42.7988
41.9017
42.3482
33.9911
14.2206
33.2378
27.6595
40.6219
38.4962
18.704
39.1605
32.2194
22.4353
30.0056
24.5716
47.8237
31.2217
45.8443
33.2729
39.7422
24.8035
43.53
35.6085
32.3625
38.7665
44.5858
35.3522
40.6127
39.6029
38.3147
44.2499
41.7292
36.6643
49.3567
39.3356
24.9222
28.8209
28.3797
25.8626
93.5991
36.7394
36.6588
77.5346
30.865
31.7082
23.4368
90.3077
34.724
38.0803
66.3399
33.3008
23.4565
25.5551
28.2307
44.667
35.253
38.0835
15.8397
40.0962
32.3054
28.6027
48.2465
31.1873
46.3441
33.32
45.6797
30.0467
14.4081
42.8034
38.7542
25.7583
24.452
43.5342
14.0418
32.5719
37.4176
30.488
39.0237
38.0737
30.007
46.7687
44.5382
45.836
17.1769
28.4665
37.0333
31.6151
30.5639
34.9017
35.2812
24.5896
29.256
26.6148
44.4583
29.1082
31.4473
36.6743
31.0284
84.0396
65.5064
36.243
31.6494
38.1534
38.4198
39.9939
28.8472
27.9005
43.7439
28.6955
77.5073
36.1969
36.4979
94.6907
38.9119
41.4974
35.6962
16.9391
20.9996
32.9413
51.0238
29.4089
44.6851
31.1769
42.6978
34.1902
31.8363
38.5454
37.7305
40.7134
44.937
38.1958
27.2657
32.4141
34.1076
32.5432
35.7031
28.5934
70.7616
29.7818
8.9267
27.0261
16.7834
28.6182
14.72
35.0769
37.4378
46.0881
39.1433
24.7171
23.8212
41.1624
33.2422
72.6677
49.7653
47.3086
31.0951
31.0283
66.5824
32.109
24.4719
27.1544
13.3264
76.5848
39.2601
29.7301
23.6653
24.8331
39.2165
37.0466
33.5908
34.4045
33.2429
33.9104
46.9643
29.5785
24.7371
31.3503
30.7944
40.0749
31.2265
33.0936
30.699
19.3663
24.9925
28.786
38.2946
30.336
26.8503
30.7709
40.0949
21.6381
42.4555
44.1134
26.028
58.1491
19.8079
38.8781
31.9348
43.2028
40.7286
34.8892
20.1824
32.9987
36.28
29.4886
41.9395
30.0727
37.633
24.3535
30.2553
39.0546
77.7028
32.2118
37.6411
33.9219
25.5362
39.6303
46.6654
23.5795
32.4821
38.7406
41.6777
33.837
48.3667
21.952
21.0325
17.0573
41.0651
44.4627
29.1496
28.9925
25.5695
40.19
31.3467
30.8649
27.2243
35.0267
33.8881
44.7879
24.6383
30.4058
24.5992
70.0047
37.305
29.3575
35.7704
33.5667
37.4914
31.4428
14.3707
35.4508
37.6006
96.6594
27.9191
26.3845
30.3319
37.7885
42.8256
36.9608
40.6407
14.1709
23.7905
33.9809
42.796
35.0439
33.8296
21.8315
34.9645
27.0454
30.1973
45.6711
25.2076
37.8819
28.498
28.8518
40.3321
44.4777
35.5795
33.9478
31.6585
50.6372
36.8227
43.2859
30.4389
42.7954
37.8822
30.5844
32.7551
30.4948
36.4461
39.9604
49.6467
29.9081
35.6631
21.5729
35.4227
46.8845
32.8072
16.9464
26.8441
26.0066
29.1793
31.7358
40.4107
30.2751
42.1162
87.0182
21.8215
19.2391
22.1416
73.205
39.2833
44.3438
40.3693
26.4136
92.5907
22.8853
44.4185
48.905
32.8741
23.4587
32.9838
39.809
25.996
45.1567
43.5808
18.3714
43.9777
41.5998
43.9792
42.366
24.6045
29.6067
44.7293
36.595
39.3871
31.8937
44.604
30.0662
39.4716
28.2019
34.8607
26.3305
32.6902
14.5794
41.1001
43.5461
34.2693
26.3585
21.1398
36.0591
31.7653
44.8777
73.1418
31.2899
37.9228
37.8566
38.3116
47.064
47.5762
23.719
20.1701
31.8541
38.5304
46.1292
43.9496
29.0183
41.1093
31.4611
80.1539
34.9259
76.0874
38.8371
25.4101
38.4628
31.2828
26.3519
31.2818
31.4123
30.3497
42.3226
38.9775
43.8769
20.517
27.3494
41.2437
31.2139
39.6921
32.8412
74.8529
34.0316
28.7457
33.2877
23.2196
15.3783
37.5776
48.8858
18.9482
33.1726
34.8599
13.0455
32.8186
25.5943
25.2767
37.1913
30.7742
23.5772
33.6837
34.3925
34.3057
30.1648
37.5524
43.9301
48.2835
26.7149
18.7713
33.4685
41.5854
38.7575
21.4808
29.0085
43.7825
25.7004
18.2595
22.1707
19.7527
19.179
26.7039
47.914
43.3743
72.9028
49.0929
38.0389
39.9342
29.9248
41.3681
30.6728
33.9578
25.2015
34.0585
27.2293
14.6347
56.4852
39.9307
39.2914
13.2825
33.8342
36.2271
31.3122
12.7402
42.6295
26.6669
55.2964
26.0569
43.4906
35.5497
43.18
32.9198
42.4456
33.7687
43.0465
35.8317
32.829
29.5616
32.3319
19.9103
29.2223
40.6376
80.7066
40.9578
31.2647
15.0158
41.9797
42.1744
36.4317
35.4689
38.5276
24.2417
37.2754
33.7306
16.3417
40.654
32.5368
30.4518
27.5165
35.4359
28.9027
37.943
36.129
31.5529
30.3351
48.1267
42.307
35.9601
36.9233
36.1486
49.8281
42.9484
45.382
35.8547
31.5277
49.1198
24.1808
31.0895
32.1479
32.7984
37.0201
31.789
37.6155
17.2053
38.6832
12.2732
40.0733
28.8205
39.7487
27.8121
38.256
33.7096
36.8944
23.2451
28.9179
42.0309
42.9716
33.0139
25.0799
37.4
35.3043
44.6668
25.444
15.852
30.1175
27.7959
39.6199
88.9695
45.3732
40.4029
35.5115
44.206
23.9959
26.0208
18.0357
27.9626
21.54
28.2477
40.2388
37.1139
30.9551
36.2803
45.3708
40.8762
39.3646
28.1981
27.3738
23.8893
40.5555
38.6838
26.1961
28.1937
40.5897
42.2968
42.8698
37.0603
40.5595
33.2967
18.0746
31.2206
41.1039
32.0105
29.8245
39.4754
28.6243
30.5154
87.9582
46.5157
45.7393
22.8663
40.349
33.0478
19.7422
29.6406
32.1153
41.2281
31.6099
29.9584
23.156
21.2076
30.4244
38.6684
32.4631
40.2933
23.9086
44.0525
40.4899
45.106
32.2884
40.6862
32.5629
25.004
45.5605
24.5931
39.7731
43.2368
21.2479
81.5659
34.853
40.152
27.6253
31.8315
87.1528
30.9104
31.0325
45.0321
19.1621
25.8216
34.8939
34.599
28.1293
31.2802
36.1312
39.6753
38.12
30.6306
26.349
33.5253
32.702
35.1366
56.9098
34.8798
40.6452
34.0263
27.4907
35.578
44.0468
20.6231
44.3063
39.3215
37.9153
33.7499
38.9344
31.4353
25.9467
32.3351
46.4788
37.5601
41.9112
34.3074
29.4836
45.0762
84.1819
46.0395
36.1321
26.52
86.5489
34.2286
39.3388
46.771
27.1105
44.9848
40.2307
67.0449
23.9941
35.7911
25.2738
74.4229
39.7323
34.744
33.1615
49.9142
32.6106
29.1481
39.8827
30.7033
26.6214
32.261
45.3075
27.1302
26.1047
21.2321
29.4947
48.8588
33.1995
42.8355
87.1781
32.1803
49.5023
38.8438
29.9001
35.3916
28.8144
23.8714
47.0188
38.8847
25.2638
31.0161
37.3341
21.5419
31.3442
45.0956
23.9044
21.7638
24.7046
74.4146
29.2387
32.7123
28.0137
68.3128
44.6497
34.1024
31.6454
25.0458
31.2811
35.0933
42.6603
33.3368
33.5495
32.6653
33.3715
34.63
28.6798
24.1782
33.1385
35.2788
25.8044
33.3834
34.0121
23.256
35.2657
29.0234
25.5376
36.4252
42.6007
37.7767
48.5722
43.7864
44.73
32.823
44.1701
20.2999
19.5003
42.6918
36.3687
49.511
30.1821
43.8792
32.8954
23.1031
38.7675
34.7412
96.6705
25.9417
32.6584
30.5723
34.4218
29.3212
15.9128
40.3259
40.1692
93.3306
25.1138
19.2388
31.9622
35.586
1.36373
28.1802
41.0169
44.2121
20.3031
29.7268
22.0176
16.4464
29.0478
31.6003
31.2172
34.6044
44.208
27.7856
42.9851
46.5103
30.844
8.58565
15.6886
34.3351
41.2564
20.7874
23.1968
36.3246
34.0317
34.3217
21.3803
25.7784
26.7109
14.8247
35.2704
46.4255
18.6115
37.0732
41.0601
35.7963
25.5213
40.0243
83.5885
14.6182
60.8847
45.4811
43.1114
40.7038
36.3222
42.9998
38.5127
25.0553
29.0523
18.7602
34.4399
37.9046
21.5579
25.6438
36.7475
23.5755
46.8921
33.0146
41.2519
48.7287
25.3916
27.2761
25.7502
32.9103
31.0098
43.8493
37.2094
36.9016
35.0228
45.8812
48.0618
32.7584
29.4724
29.2083
39.3224
33.5247
25.3513
41.3133
27.7585
27.4996
13.321
40.2393
19.3302
38.4477
29.172
20.0264
74.73
44.109
36.0166
46.151
59.6452
31.4355
30.4194
39.9319
29.5363
24.1103
40.8821
32.4737
34.566
32.6551
32.1972
70.535
33.7039
41.3643
38.331
38.9013
33.0319
25.1396
39.2785
32.7802
32.9939
46.5161
48.1251
24.1498
37.7395
33.0124
35.8123
24.0536
27.6805
49.3593
39.131
23.0438
20.0229
47.8351
29.4754
26.8258
36.3693
47.1011
24.3068
26.2709
34.8858
26.3258
30.4112
94.7594
35.2832
31.8064
41.1533
36.0825
41.1386
35.6779
24.1031
34.5785
46.6327
44.9325
37.7431
28.8609
42.3774
27.3932
33.0297
24.0013
37.2886
42.4466
37.6693
41.5581
43.2286
22.3818
71.0253
37.9206
37.4656
40.0816
28.2757
39.0971
21.6473
40.51
31.4119
23.3579
43.1929
29.6743
18.1375
35.2716
29.8797
33.1322
32.8387
42.0481
30.0358
45.5264
31.4036
25.985
37.0158
37.4922
24.5364
43.8276
44.7933
31.9189
36.4829
31.7134
36.8359
35.5107
26.5372
37.4705
69.2804
42.8244
18.2428
22.9968
29.9437
33.7274
22.9425
35.39
26.0748
50.313
37.5617
39.8423
7.02769
29.3372
35.796
37.9301
25.9128
41.4453
36.0261
15.2863
38.127
19.3823
23.4125
27.8784
38.1095
36.4943
43.8468
91.0575
28.8411
21.7525
30.1544
34.3432
10.2494
46.6465
40.1277
36.4745
43.8371
33.4588
42.0029
32.2985
38.3033
39.9551
27.1006
45.5894
36.1302
31.9789
48.7254
37.2112
36.9906
37.6046
31.6675
29.6028
36.3133
33.4013
16.7008
21.0778
28.5373
36.4606
43.5884
42.0135
86.2075
26.6628
39.5825
35.8396
35.5034
36.743
27.0252
43.9946
35.1474
21.8896
27.9892
38.5311
21.3785
17.6795
36.1299
31.2086
43.9919
40.8831
36.6686
19.1481
24.5855
33.8925
44.3643
43.7609
27.8194
27.267
39.5689
45.3321
29.5201
27.346
27.6211
26.7524
39.6541
35.3927
21.0206
42.1985
32.2538
36.2432
38.0042
34.7728
37.4496
38.0356
14.62
32.8373
36.2007
38.8845
26.3338
26.463
43.9229
25.1926
37.4765
45.7695
46.1816
42.2015
36.1581
41.3792
44.6399
32.2673
45.2506
36.4367
33.8086
21.8983
29.9909
48.3822
38.4529
86.03
39.5833
48.0704
35.1403
71.8728
40.2015
29.9015
40.1447
30.0196
28.6999
44.751
35.7589
25.99
19.7889
29.8096
28.2229
32.6673
38.0852
37.9084
24.9601
43.7716
29.06
39.8782
27.351
46.2802
42.0227
13.0283
34.0187
24.1679
28.1299
44.5614
13.4898
32.6438
47.443
30.4427
63.8087
27.9505
35.8067
21.5664
30.7449
46.4291
25.7388
40.0371
20.2645
19.2918
42.9867
22.0341
23.6804
43.296
34.4997
35.3514
22.5873
20.4467
28.8512
42.6673
21.8284
44.0377
37.4262
41.2841
31.5176
80.014
16.7152
32.368
44.726
30.9276
37.3562
39.745
26.7321
33.2635
38.9989
31.2841
41.4304
18.1574
34.4884
36.8547
45.3319
36.3325
21.3105
30.4245
90.8464
37.274
41.4345
30.9369
26.3414
23.4292
36.8894
41.3635
43.4797
48.9444
30.9723
30.8303
31.7446
26.8106
31.0661
39.721
36.2741
37.3546
32.0386
31.4371
87.5238
32.5247
17.6611
46.9316
32.0649
10.0164
45.282
35.1955
35.0704
38.8849
24.5741
30.5119
35.0028
44.4747
37.1069
43.0377
28.4698
39.7948
34.8949
33.4373
75.0303
36.2908
30.506
33.5681
43.7513
37.7365
41.9697
21.0548
43.7863
42.0441
29.7053
44.4007
34.5542
49.0841
40.4561
42.2004
43.1061
24.4232
42.335
33.5047
77.8997
33.2273
28.7656
39.4122
42.2171
28.9718
43.6111
37.1873
31.8203
26.6831
24.1651
41.2169
25.6308
34.0942
32.7384
21.976
32.879
59.6492
34.1405
34.2424
31.6597
28.2964
39.1149
43.459
28.997
33.8584
21.2725
35.1448
29.0112
48.0904
36.6389
24.0924
39.4115
28.586
28.778
26.0202
55.9513
63.2843
38.0959
30.1896
28.9468
32.6401
41.6289
36.4968
35.7813
77.4713
24.9516
26.302
23.186
23.0128
40.6792
37.4742
22.6029
29.9591
21.3134
30.2297
31.1666
44.5475
36.3462
41.7746
46.9139
26.1709
30.9002
39.6314
26.5401
40.4523
21.3111
20.232
12.5973
42.5868
33.3092
38.9907
32.8102
20.1511
33.8037
32.1244
38.4172
36.055
38.5737
37.6149
41.0105
33.7713
24.1807
33.1245
42.5658
71.6541
15.0605
33.0083
32.3025
34.8508
32.7838
25.9905
88.4383
24.6938
22.2863
47.8447
31.6079
43.4351
17.4911
36.2197
29.3746
31.8154
86.0153
47.1148
31.0171
23.9785
35.1233
24.1094
34.8069
35.1338
22.3028
50.4166
44.1734
46.6701
23.6836
40.6226
74.558
39.4221
33.7418
37.7845
6.26544
38.5774
31.1556
31.0193
36.7639
42.3254
33.1767
21.0598
12.5023
45.9776
27.299
39.0931
35.2512
45.6237
40.5413
37.98
47.8255
40.8381
30.5055
18.3906
47.0186
32.012
64.164
25.0801
44.8151
46.5379
30.5124
29.5023
34.8419
26.1353
41.2144
38.7761
36.5488
33.3928
15.2025
11.7724
13.7346
48.8681
25.3587
20.5377
40.5448
34.7539
36.2585
35.5382
31.1241
38.9507
40.4737
33.8577
31.2811
46.13
36.6552
20.1121
41.8517
33.8954
37.6705
27.4416
34.1995
19.0606
24.905
34.8531
28.9029
48.3694
42.6612
43.7855
34.1783
45.4346
47.6035
82.7518
38.4488
29.7848
26.5168
38.1186
34.4499
25.1237
30.7816
3.40269
29.6862
31.804
17.3022
24.4058
25.6105
36.6838
36.8068
44.5262
35.4811
39.3946
34.7553
27.2688
25.3283
28.202
33.8456
35.6781
35.8237
27.7097
43.6253
50.0318
95.8802
33.3381
41.0094
41.8525
31.5601
40.8156
27.2583
28.1654
42.4248
31.8226
69.4022
26.7889
28.4426
42.6598
29.3283
41.5064
26.2366
37.2534
24.7231
34.3118
30.7983
41.1139
26.1482
12.9049
40.9327
45.7304
18.3552
41.4013
39.766
32.482
32.0855
21.8464
23.3796
32.5743
35.9926
82.9896
36.4812
35.481
32.213
26.2433
41.4778
31.4595
30.3244
30.6073
40.9227
25.4821
19.2012
33.9638
40.623
47.8193
9.56139
39.2978
29.0431
93.6861
47.0976
36.2987
25.8589
35.3014
32.0188
32.6382
33.8343
36.6507
34.2383
34.7335
37.8785
41.2809
36.0008
40.3356
40.3317
42.1796
18.3515
64.0834
65.8947
42.4534
28.3335
37.2893
45.3228
18.8522
18.9895
38.8668
39.8726
40.5864
32.4788
46.7146
29.6611
16.8682
34.928
49.551
46.5463
33.8549
48.3774
43.431
42.6264
34.7682
43.902
18.8216
29.3987
25.2037
40.2113
17.7722
27.219
31.3625
26.0655
28.7092
43.2159
33.0649
37.0808
24.0978
18.6814
37.1774
84.9287
41.4746
35.8949
48.8188
29.7719
46.3989
34.6541
29.9757
76.1751
18.1847
27.7399
38.737
21.5484
32.1468
17.4411
17.7957
28.4047
46.9252
40.525
41.1037
22.502
33.0917
43.0053
44.3096
38.6177
37.938
36.8598
38.0026
28.6007
36.725
9.94795
67.2159
42.9821
30.508
31.3372
21.6789
43.8554
84.3325
31.7487
23.1453
35.0357
44.6108
41.2949
41.6322
42.4794
38.9868
27.2409
32.5569
34.7129
40.4682
37.7501
47.7111
76.6707
22.9286
16.9427
53.3189
37.4356
44.9478
87.1899
21.4362
30.3173
12.4644
30.2959
41.2344
20.9044
22.393
36.43
37.263
44.8991
39.6222
33.3458
43.496
24.9197
24.2557
27.7665
36.8785
36.1135
13.5896
38.3816
38.6283
36.552
26.5303
40.0075
42.3892
41.5328
29.6041
37.9424
33.1675
45.4042
45.2948
26.3574
45.0728
38.2752
30.9886
45.8637
37.7758
32.7998
29.4318
40.5218
28.4341
26.9642
37.4773
39.6417
23.8454
33.3332
36.4879
30.933
33.4578
38.466
36.583
30.4024
30.5765
29.0504
72.578
34.4584
30.8701
39.5049
48.2952
32.3513
40.8137
35.2953
26.4084
42.1321
33.7923
44.9514
44.8991
45.3519
21.0446
40.0356
39.0588
44.7869
43.0931
20.4741
35.7514
28.5764
13.8932
28.2557
34.9255
23.8491
38.1617
32.7966
29.5498
17.9275
42.567
29.9028
22.3025
36.7061
40.997
46.7466
37.5634
34.0153
24.4543
38.0132
33.8612
25.2831
18.9874
43.7591
36.6824
48.4017
41.5305
47.4054
38.1802
30.5649
37.8088
44.0086
39.2934
30.9394
38.5447
39.6503
36.7597
43.3848
37.6881
18.046
17.229
19.0538
21.8853
28.3485
34.149
41.0162
34.7165
32.6875
53.625
41.7085
21.3247
28.6671
38.4961
74.5758
42.6003
35.1429
22.175
14.3951
38.3597
31.8266
32.5369
85.4708
35.4962
96.6378
26.6877
25.6485
29.392
32.5816
37.0845
86.7304
45.9063
46.6679
38.3782
25.0495
22.7989