33.791
23.3095
42.8516
29.2683
21.0006
44.1839
37.3251
43.5541
37.6818
38.7772
16.2908
40.3135
20.9221
34.1857
90.0226
24.6598
37.1498
38.8286
29.838
35.1074
41.778
33.6835
26.9659
26.1136
35.8067
80.9907
33.5031
29.9764
30.73
31.0939
24.174
46.1263
61.3105
17.5688
42.1504
34.5932
31.3386
36.8499
40.3421
46.9132
29.0501
35.5928
35.0423
43.182
32.3375
33.9488
43.3863
44.9064
19.5575
38.8627
32.6461
29.167
31.9621
88.6553
11.4633
38.3147
46.791
25.5809
42.6748
44.6622
47.1512
36.8764
39.1727
30.1564
37.0325
39.8014
13.6102
24.4627
26.1268
25.3636
37.6138
32.7367
31.6691
33.5918
33.9712
36.2016
47.8063
41.44
29.3856
39.3449
46.8964
44.8712
23.9919
38.8139
36.7705
45.6387
43.822
38.2315
37.1883
22.6548
46.273
33.3247
39.7734
34.7464
48.2091
37.1045
24.4825
34.0759
41.4615
36.1737
49.0106
43.0683
24.4562
34.7122
38.3926
48.2038
43.1607
0.481605
48.2544
16.9826
48.7064
38.9025
33.1716
27.0961
34.0363
27.9754
48.0651
46.695
43.4475
20.7655
29.7721
48.021
25.1317
40.7835
37.2848
33.6301
43.3784
81.6593
43.4488
32.875
45.5012
45.0823
39.2418
40.8113
41.8838
83.3741
43.117
35.2175
37.2814
34.4079
32.963
41.3818
37.3771
41.6272
31.4181
35.0551
42.7988
41.9017
42.3482
40.6219
18.704
39.1605
32.2194
22.4353
47.8237
45.8443
43.53
32.3625
44.5858
40.6127
44.2499
41.7292
36.6643
49.3567
39.3356
28.8209
25.8626
93.5991
36.7394
36.6588
30.865
38.0803
66.3399
33.3008
23.4565
28.2307
44.667
35.253
40.0962
28.6027
48.2465
31.1873
46.3441
33.32
45.6797
14.4081
42.8034
38.7542
25.7583
24.452
43.5342
14.0418
32.5719
37.4176
39.0237
38.0737
30.007
46.7687
44.5382
45.836
28.4665
37.0333
31.6151
30.5639
29.256
44.4583
29.1082
31.4473
36.6743
84.0396
31.6494
38.1534
28.8472
27.9005
43.7439
36.1969
94.6907
38.9119
41.4974
35.6962
16.9391
20.9996
32.9413
51.0238
29.4089
44.6851
31.8363
38.5454
44.937
32.4141
35.7031
8.9267
37.4378
46.0881
39.1433
24.7171
41.1624
49.7653
47.3086
31.0951
24.4719
27.1544
13.3264
76.5848
39.2601
29.7301
24.8331
37.0466
33.5908
33.2429
46.9643
29.5785
31.3503
40.0749
31.2265
19.3663
24.9925
28.786
38.2946
40.0949
42.4555
44.1134
58.1491
43.2028
34.8892
32.9987
29.4886
30.0727
37.633
39.0546
77.7028
37.6411
33.9219
25.5362
46.6654
23.5795
38.7406
41.6777
48.3667
21.0325
17.0573
44.4627
28.9925
40.19
27.2243
44.7879
30.4058
24.5992
70.0047
37.305
35.7704
35.4508
37.6006
96.6594
26.3845
30.3319
42.8256
42.796
45.6711
37.8819
28.8518
40.3321
44.4777
35.5795
31.6585
50.6372
36.8227
43.2859
42.7954
30.5844
39.9604
49.6467
29.9081
35.6631
21.5729
35.4227
46.8845
26.8441
26.0066
29.1793
31.7358
40.4107
30.2751
42.1162
39.2833
44.3438
92.5907
44.4185
48.905
23.4587
45.1567
43.5808
18.3714
43.9777
43.9792
24.6045
29.6067
44.7293
36.595
39.3871
31.8937
44.604
39.4716
34.8607
26.3305
32.6902
14.5794
43.5461
34.2693
26.3585
21.1398
44.8777
37.8566
38.3116
47.064
47.5762
31.8541
46.1292
43.9496
41.1093
31.4611
34.9259
76.0874
38.8371
38.4628
31.2828
31.2818
31.4123
30.3497
42.3226
43.8769
20.517
27.3494
31.2139
32.8412
74.8529
23.2196
48.8858
18.9482
32.8186
37.1913
34.3925
34.3057
37.5524
43.9301
48.2835
41.5854
38.7575
21.4808
29.0085
43.7825
18.2595
22.1707
19.7527
47.914
43.3743
49.0929
38.0389
29.9248
41.3681
34.0585
39.9307
42.6295
26.6669
55.2964
43.4906
43.18
42.4456
33.7687
43.0465
29.5616
32.3319
40.6376
40.9578
41.9797
42.1744
35.4689
33.7306
16.3417
40.654
32.5368
30.4518
27.5165
35.4359
28.9027
37.943
36.129
48.1267
42.307
35.9601
49.8281
42.9484
45.382
49.1198
24.1808
31.0895
32.7984
37.6155
17.2053
38.6832
12.2732
40.0733
27.8121
38.256
33.7096
42.0309
42.9716
37.4
44.6668
25.444
27.7959
88.9695
45.3732
44.206
23.9959
27.9626
28.2477
40.2388
30.9551
36.2803
23.8893
38.6838
26.1961
28.1937
40.5897
42.2968
37.0603
18.0746
41.1039
29.8245
87.9582
46.5157
45.7393
40.349
33.0478
29.6406
41.2281
23.156
30.4244
38.6684
40.2933
44.0525
40.4899
45.106
32.2884
25.004
45.5605
39.7731
43.2368
21.2479
40.152
31.8315
45.0321
25.8216
34.8939
28.1293
31.2802
36.1312
26.349
35.1366
34.8798
40.6452
34.0263
35.578
44.0468
20.6231
44.3063
39.3215
37.9153
38.9344
31.4353
46.4788
37.5601
41.9112
34.3074
45.0762
46.0395
36.1321
26.52
34.2286
39.3388
46.771
27.1105
44.9848
40.2307
23.9941
35.7911
74.4229
39.7323
34.744
49.9142
29.1481
39.8827
26.6214
45.3075
48.8588
42.8355
87.1781
32.1803
49.5023
29.9001
35.3916
28.8144
23.8714
47.0188
37.3341
21.5419
31.3442
45.0956
32.7123
44.6497
31.6454
25.0458
31.2811
35.0933
42.6603
33.3368
33.5495
32.6653
34.63
33.1385
35.2788
25.8044
33.3834
23.256
35.2657
29.0234
36.4252
42.6007
48.5722
43.7864
44.73
32.823
44.1701
42.6918
36.3687
49.511
43.8792
32.8954
23.1031
38.7675
96.6705
40.3259
40.1692
35.586
41.0169
44.2121
22.0176
16.4464
29.0478
34.6044
44.208
42.9851
46.5103
30.844
41.2564
20.7874
36.3246
26.7109
35.2704
46.4255
41.0601
35.7963
40.0243
83.5885
14.6182
60.8847
45.4811
43.1114
40.7038
42.9998
38.5127
25.6438
46.8921
33.0146
41.2519
48.7287
25.3916
27.2761
32.9103
31.0098
43.8493
36.9016
45.8812
48.0618
29.2083
39.3224
33.5247
41.3133
27.4996
40.2393
38.4477
74.73
44.109
46.151
59.6452
39.9319
24.1103
40.8821
70.535
33.7039
41.3643
38.331
38.9013
33.0319
32.7802
46.5161
48.1251
24.1498
37.7395
35.8123
24.0536
27.6805
49.3593
39.131
23.0438
20.0229
47.8351
26.8258
47.1011
26.2709
34.8858
26.3258
30.4112
94.7594
35.2832
41.1533
35.6779
24.1031
46.6327
44.9325
42.3774
27.3932
37.2886
42.4466
41.5581
43.2286
22.3818
37.9206
37.4656
40.0816
39.0971
40.51
43.1929
29.6743
18.1375
35.2716
33.1322
32.8387
42.0481
45.5264
37.4922
43.8276
44.7933
31.9189
36.4829
31.7134
35.5107
26.5372
42.8244
18.2428
22.9425
50.313
37.5617
7.02769
29.3372
41.4453
36.0261
38.127
19.3823
23.4125
43.8468
91.0575
21.7525
10.2494
46.6465
40.1277
36.4745
43.8371
33.4588
42.0029
38.3033
39.9551
45.5894
36.1302
48.7254
37.2112
36.9906
31.6675
29.6028
16.7008
43.5884
42.0135
35.5034
36.743
35.1474
21.8896
17.6795
43.9919
40.8831
24.5855
44.3643
43.7609
27.8194
39.5689
45.3321
27.6211
39.6541
35.3927
42.1985
32.2538
38.0042
38.0356
32.8373
36.2007
38.8845
26.3338
26.463
43.9229
25.1926
37.4765
45.7695
46.1816
42.2015
36.1581
41.3792
44.6399
45.2506
36.4367
21.8983
29.9909
48.3822
39.5833
48.0704
35.1403
71.8728
40.2015
29.9015
40.1447
28.6999
44.751
25.99
32.6673
38.0852
43.7716
27.351
46.2802
42.0227
34.0187
24.1679
28.1299
44.5614
32.6438
47.443
63.8087
27.9505
35.8067
21.5664
30.7449
25.7388
40.0371
42.9867
23.6804
43.296
34.4997
22.5873
42.6673
21.8284
44.0377
37.4262
80.014
32.368
44.726
30.9276
33.2635
38.9989
31.2841
41.4304
18.1574
34.4884
45.3319
36.3325
21.3105
90.8464
41.4345
30.9369
36.8894
41.3635
43.4797
48.9444
30.9723
30.8303
26.8106
36.2741
32.5247
46.9316
45.282
35.0704
38.8849
24.5741
30.5119
44.4747
43.0377
28.4698
34.8949
75.0303
30.506
33.5681
43.7513
37.7365
41.9697
43.7863
42.0441
29.7053
44.4007
34.5542
49.0841
42.2004
43.1061
28.7656
42.2171
43.6111
37.1873
31.8203
26.6831
25.6308
21.976
31.6597
28.2964
43.459
28.997
29.0112
48.0904
36.6389
24.0924
39.4115
28.586
55.9513
38.0959
28.9468
32.6401
41.6289
77.4713
40.6792
44.5475
41.7746
46.9139
26.1709
39.6314
40.4523
21.3111
20.232
42.5868
38.9907
38.4172
38.5737
37.6149
41.0105
33.7713
33.1245
42.5658
15.0605
33.0083
32.3025
34.8508
24.6938
47.8447
43.4351
17.4911
36.2197
47.1148
31.0171
23.9785
35.1233
24.1094
34.8069
35.1338
22.3028
50.4166
44.1734
46.6701
23.6836
40.6226
74.558
33.7418
37.7845
31.1556
42.3254
45.9776
39.0931
35.2512
45.6237
40.5413
37.98
47.8255
40.8381
18.3906
47.0186
32.012
25.0801
44.8151
46.5379
29.5023
41.2144
38.7761
36.5488
15.2025
48.8681
25.3587
40.5448
34.7539
36.2585
35.5382
31.1241
38.9507
40.4737
33.8577
46.13
36.6552
41.8517
33.8954
37.6705
27.4416
24.905
28.9029
48.3694
42.6612
43.7855
34.1783
45.4346
82.7518
38.1186
3.40269
29.6862
36.6838
36.8068
44.5262
35.4811
39.3946
27.2688
25.3283
33.8456
35.6781
35.8237
43.6253
50.0318
95.8802
33.3381
40.8156
27.2583
28.1654
42.4248
42.6598
41.5064
26.2366
30.7983
41.1139
26.1482
12.9049
40.9327
45.7304
41.4013
32.482
21.8464
35.9926
41.4778
30.3244
40.9227
19.2012
40.623
47.8193
9.56139
39.2978
93.6861
47.0976
36.2987
35.3014
32.6382
33.8343
36.6507
37.8785
41.2809
40.3317
42.1796
64.0834
65.8947
42.4534
37.2893
45.3228
18.8522
38.8668
39.8726
40.5864
46.7146
29.6611
34.928
49.551
46.5463
48.3774
43.431
42.6264
43.902
18.8216
25.2037
40.2113
31.3625
26.0655
43.2159
24.0978
18.6814
37.1774
84.9287
41.4746
48.8188
46.3989
34.6541
76.1751
27.7399
21.5484
17.7957
46.9252
40.525
41.1037
43.0053
44.3096
38.6177
37.938
36.8598
42.9821
43.8554
84.3325
23.1453
44.6108
41.6322
42.4794
38.9868
27.2409
34.7129
40.4682
37.7501
47.7111
16.9427
44.9478
87.1899
41.2344
20.9044
37.263
44.8991
39.6222
33.3458
43.496
36.8785
36.1135
13.5896
38.6283
36.552
40.0075
42.3892
41.5328
37.9424
45.4042
45.2948
45.0728
38.2752
45.8637
37.7758
29.4318
40.5218
26.9642
37.4773
39.6417
33.3332
36.4879
30.933
33.4578
38.466
30.4024
72.578
34.4584
30.8701
48.2952
42.1321
44.9514
44.8991
45.3519
21.0446
40.0356
44.7869
35.7514
13.8932
23.8491
38.1617
42.567
29.9028
40.997
46.7466
37.5634
24.4543
33.8612
18.9874
43.7591
48.4017
41.5305
47.4054
38.1802
37.8088
44.0086
39.2934
30.9394
39.6503
36.7597
43.3848
37.6881
18.046
34.149
41.0162
34.7165
41.7085
74.5758
42.6003
38.3597
31.8266
35.4962
96.6378
26.6877
32.5816
37.0845
45.9063
46.6679
38.3782
22.7989