23.9706
40.5455
41.3355
24.7901
39.5962
37.0318
36.2012
34.3644
33.0479
30.1402
29.9257
32.329
21.8754
26.6345
24.5716
25.5551
15.8397
32.3054
38.4198
39.9939
77.5073
31.1769
42.6978
34.1902
40.7134
27.2657
29.7818
34.4045
33.0936
30.336
30.7709
41.9395
33.837
25.5695
29.3575
37.7885
35.0439
21.8315
33.9478
21.8215
22.1416
40.3693
25.996
30.0662
41.1001
25.4101
37.5776
34.8599
25.2767
18.7713
56.4852
33.8342
12.7402
80.7066
33.0139
28.1981
42.8698
33.2967
39.4754
21.2076
40.6862
34.599
39.6753
32.6106
24.7046
34.1024
34.0121
37.7767
30.1821
34.7412
25.9417
25.1138
15.6886
25.5213
35.0228
32.4737
34.566
36.0825
34.5785
33.0297
37.6693
30.1544
21.0778
21.3785
29.5201
27.346
36.2432
37.4496
29.06
28.8512
36.8547
23.4292
37.1069
36.2908
24.4232
33.5047
41.2169
59.6492
26.0202
26.302
23.0128
31.1666
26.5401
20.1511
32.1244
31.8154
33.1767
13.7346
34.1995
30.7816
28.202
31.5601
69.4022
26.7889
35.481
25.4821
16.8682
38.737
21.6789
22.9286
24.2557
28.4341
29.0504
28.5764
34.9255
17.9275
36.6824
38.5447
21.3247
28.6671
35.1429