23.4649
29.9424
39.7087
19.2646
37.5952
50.5217
40.154
62.4108
24.7901
32.4715
36.8695
24.0576
37.2438
36.0261
24.0801
27.4177
31.9724
27.2289
10.0794
38.934
19.0685
27.1938
26.6345
34.6248
31.2217
39.7422
24.8035
35.6085
35.3522
77.5346
90.3077
38.0835
30.0467
36.243
37.7305
28.5934
72.6677
31.0283
33.9104
31.9348
39.6303
31.4428
14.1709
28.498
37.8822
26.4136
41.5998
38.5304
80.1539
26.3519
39.6921
27.2293
14.6347
15.0158
36.4317
38.5276
30.3351
36.1486
36.8944
28.9179
35.5115
37.1139
28.6243
19.7422
31.6099
29.9584
32.4631
31.0325
38.12
27.4907
33.7499
84.1819
86.5489
33.1995
38.8438
38.8847
25.9417
32.6584
31.6003
31.2172
36.3222
25.7502
19.3302
31.4355
29.8797
31.4036
69.2804
39.8423
25.9128
27.8784
28.8411
34.3432
27.1006
33.4013
26.6628
39.5825
27.9892
38.5311
19.1481
33.8925
26.7524
21.0206
33.8086
38.4529
19.7889
29.8096
28.2229
39.8782
13.4898
46.4291
35.3514
28.8512
41.2841
23.4292
39.7948
21.0548
34.1405
30.1896
35.7813
37.4742
12.5973
33.3092
32.8102
39.4221
36.7639
27.299
26.1353
19.0606
34.8531
31.804
17.3022
28.4426
23.3796
82.9896
30.6073
34.7335
40.3356
18.9895
29.9757
32.1468
17.4411
67.2159
31.7487
35.0357
32.5569
37.4356
21.4362
30.3173
36.43
24.9197
27.7665
32.7998
32.3513
26.4084
39.0588
20.4741
29.5498
38.0132
19.0538
32.6875
85.4708
86.7304