42.8516
80.9907
31.3386
40.3421
46.9132
29.0501
39.1727
37.0325
39.8014
25.3636
33.9712
38.8139
37.1883
22.6548
46.273
34.7122
48.7064
33.6301
43.3784
83.3741
42.7988
41.9017
40.6127
44.2499
36.6588
40.0962
28.6027
48.2465
46.7687
44.5382
37.0333
44.4583
44.937
24.7171
41.1624
49.7653
39.2601
46.9643
29.5785
31.2265
24.9925
28.786
44.1134
38.7406
48.3667
44.7879
30.4058
30.3319
42.8256
42.796
46.8845
40.4107
92.5907
47.5762
34.9259
38.8371
31.2828
31.4123
30.3497
42.3226
74.8529
23.2196
37.1913
48.2835
41.5854
22.1707
47.914
49.0929
41.3681
32.3319
30.4518
36.129
35.9601
42.9484
31.0895
37.6155
27.8121
27.7959
45.3732
23.9959
27.9626
28.1937
40.5897
41.1039
87.9582
39.3215
74.4229
39.7323
26.6214
29.9001
44.73
23.1031
60.8847
45.4811
48.7287
43.8493
36.9016
33.5247
22.3818
32.8387
18.2428
22.9425
37.5617
36.0261
38.127
36.9906
39.5689
32.8373
26.3338
37.4765
42.2015
41.3792
40.1447
28.6999
27.351
42.0227
21.5664
43.296
30.9276
38.9989
41.4345
41.3635
36.2741
24.5741
44.4747
34.8949
42.0441
34.5542
28.7656
25.6308
43.459
24.0924
32.3025
43.4351
36.2197
46.6701
74.558
45.9776
39.0931
35.2512
45.6237
40.5413
47.0186
38.9507
36.8068
25.3283
50.0318
40.8156
41.5064
30.7983
47.8193
33.8343
45.3228
49.551
46.5463
40.2113
43.2159
24.0978
40.525
36.8598
38.9868
44.9478
36.8785
13.5896
45.0728
42.1321
35.7514
74.5758
42.6003
35.4962
38.3782