0.247742
0.234743
0.237635
0.273124
0.259675
0.220427
0.22456
0.220719
0.24361
0.205117
0.262403
0.280787
0.24872
0.255492
0.221085
0.200289
0.223196
0.238925
0.245229
0.249448
0.294958
0.261689
0.252804
0.150064
0.296303
0.252639
0.229257
0.217972
0.285913
0.229652
0.240312
0.23752
0.220894
0.216493
0.235077
0.225713
0.216096
0.249282
0.257692
0.210747
0.194348
0.247897
0.274045
0.240414
0.290539
0.255462
0.240607
0.248072
0.218361
0.259496
0.297969
0.250983
0.236942
0.292184
0.293018
0.23505
0.24976
0.23226
0.271908
0.249984
0.225192
0.207854
0.274155
0.260083
0.237449
0.251048
0.243874
0.215602
0.211908
0.22283
0.274352
0.225415
0.194691
0.277286
0.153585
0.240042
0.259879
0.248745
0.280199
0.235603
0.287377
0.24535
0.223646
0.229791
0.242449
0.263872
0.240701
0.267934
0.240986
0.340992
0.251562
0.262281
0.268723
0.200352
0.196776
0.208905
0.312216
0.28889
0.249021
0.244812
0.227369
0.226199
0.229255
0.143757
0.257422
0.242055
0.261141
0.106313
0.278945
0.232408
0.233313
0.181809
0.28458
0.252321
0.225591
0.159268
0.249466
0.268326
0.208636
0.141364
0.233811
0.230427
0.228752
0.223984
0.227088
0.223975
0.23366
0.240686
0.260673
0.251215
0.247089