0.102589
0.137703
0.10195
0.0970251
0.138357
0.149259
0.12349
0.137522
0.273124
0.109783
0.105394
0.129776
0.136829
0.112072
0.109386
0.108109
0.118677
0.100051
0.122496
0.139255
0.100248
0.124004
0.255492
0.100661
0.135617
0.119416
0.124047
0.132647
0.158728
0.206438
0.173031
0.132028
0.128616
0.119078
0.105312
0.115623
0.200839
0.131095
0.135301
0.10861
0.0960481
0.111105
0.118195
0.142538
0.161256
0.123519
0.152582
0.124107
0.170524
0.105858
0.123435
0.121924
0.0744511
0.101913
0.110893
0.149156
0.140777
0.132339
0.124246
0.13735
0.124684
0.115899
0.122153
0.112755
0.140492
0.120989
0.112454
0.129787
0.126837
0.117694
0.126097
0.184877
0.226632
0.141965
0.134139
0.127293
0.274352
0.122265
0.123601
0.125099
0.133136
0.0905754
0.0950998
0.118387
0.124867
0.118846
0.175676
0.12322
0.11684
0.107124
0.107437
0.114742
0.105279
0.118244
0.143498
0.118462
0.112126
0.108134
0.103674
0.15037
0.113807
0.10419
0.127322
0.117756
0.104416
0.125775
0.122302
0.138527
0.119652
0.147138
0.140456
0.340992
0.136715
0.262281
0.120036
0.0922061
0.119442
0.100173
0.136605
0.139612
0.11818
0.107062
0.104434
0.134758
0.131584
0.121614
0.107755
0.105572
0.123846
0.112665
0.0949395
0.130728
0.110266
0.181448
0.122083
0.144944
0.108836
0.124647
0.116075
0.0968598
0.107703
0.162913
0.0944667
0.10125
0.1429
0.116932
0.103422
0.116081
0.133893
0.124405
0.120703
0.121245
0.12602
0.107786
0.133874
0.110106
0.106888
0.119086
0.113269
0.130538
0.190908
0.192913