0.034315
0.102589
0.0980208
0.0238551
0.18233
0.0433288
0.0297772
0.193797
0.0215364
0.0447428
0.037808
0.044011
0.137703
0.0381721
0.10195
0.040411
0.0282704
0.247742
0.0930439
0.0425381
0.021454
0.0346884
0.0602591
0.0906123
0.0264409
0.202177
0.143231
0.0380176
0.0351694
0.039376
0.0303726
0.0356384
0.044289
0.047881
0.0274815
0.234743
0.0327043
0.0363284
0.0970251
0.0509089
0.0830508
0.0344286
0.030508
0.0312248
0.0360186
0.147591
0.0247085
0.180431
0.0563534
0.237635
0.138357
0.11202
0.0465873
0.157401
0.0616907
0.0183928
0.0431844
0.0460826
0.0351359
0.0544914
0.0318383
0.138038
0.149259
0.12349
0.181951
0.0374026
0.0408561
0.0474115
0.0295974
0.137522
0.0372828
0.0504159
0.0411835
0.0436935
0.0328661
0.036024
0.0438898
0.152048
0.0455253
0.0200892
0.273124
0.0393411
0.0331565
0.143832
0.125491
0.109783
0.270748
0.1836
0.143146
0.105394
0.136465
0.071113
0.0296983
0.129776
0.0324451
0.0903869
0.259675
0.0119697
0.0398738
0.162367
0.136829
0.0472563
0.0260798
0.0431639
0.0452283
0.117052
0.0476347
0.0374128
0.0396916
0.112072
0.106044
0.0307015
0.0375748
0.0402766
0.0388421
0.0479543
0.0253047
0.161318
0.0266242
0.0259111
0.113969
0.147024
0.038097
0.033258
0.032183
0.0529356
0.0341404
0.0345038
0.0367534
0.0483083
0.0435186
0.210237
0.0298823
0.220427
0.109386
0.144048
0.19188
0.082384
0.0398461
0.0474064
0.139161
0.25252
0.108109
0.0453609
0.024525
0.0393202
0.0373084
0.22456
0.0466443
0.108358
0.0443332
0.116239
0.0387933
0.0443109
0.0376853
0.220719
0.109264
0.0263489
0.046776
0.0338887
0.0896625
0.0422128
0.0352791
0.24361
0.0967351
0.0498364
0.138736
0.205117
0.118677
0.0410119
0.100051
0.0250259
0.047106
0.262403
0.122496
0.157591
0.0419344
0.0366634
0.0494956
0.0435759
0.0249871
0.330733
0.0355082
0.0391039
0.0489459
0.0436751
0.156189
0.043614
0.03119
0.138714
0.0818604
0.188783
0.0487906
0.0438846
0.139255
0.0492273
0.280787
0.191308
0.195481
0.0394192
0.0337896
0.100248
0.0427918
0.123294
0.147134
0.0837694
0.0345105
0.0461767
0.24872
0.0496257
0.0472594
0.0439644
0.0212879
0.159358
0.0315776
0.0485203
0.0256454
0.0418833
0.0385787
0.199551
0.0341827
0.0439186
0.0822765
0.0499463
0.0589875
0.0334066
0.246599
0.124004
0.0459642
0.191705
0.0455453
0.0417234
0.0412946
0.255492
0.0423812
0.0842202
0.154979
0.122397
0.043626
0.0357465
0.0377992
0.0348998
0.0335085
0.0418567
0.0378898
0.0421292
0.0321062
0.100661
0.0357235
0.126044
0.0433449
0.0423932
0.0428976
0.0493807
0.288175
0.129634
0.147907
0.0411614
0.223561
0.0192272
0.0396507
0.0327709
0.0230114
0.0661024
0.221085
0.0482895
0.135617
0.0463748
0.0979472
0.119416
0.124047
0.0439973
0.132647
0.032868
0.211704
0.0451546
0.158728
0.0411687
0.130067
0.217316
0.0447333
0.0422965
0.0371382
0.0498425
0.0398908
0.127727
0.0381917
0.140202
0.02639
0.0940394
0.0372383
0.037212
0.206438
0.0321586
0.106632
0.340011
0.173031
0.0512909
0.0401078
0.0669184
0.0338469
0.0239967
0.200289
0.029056
0.045196
0.035777
0.132028
0.223196
0.040621
0.238925
0.0291015
0.0488222
0.0316842
0.0472441
0.0341007
0.0474683
0.128616
0.014921
0.0433167
0.0462002
0.0262953
0.0252345
0.0442058
0.0145759
0.0339042
0.0379264
0.0482104
0.0395573
0.0386
0.0305579
0.047304
0.0450699
0.0463703
0.0399871
0.0289922
0.0375164
0.0334799
0.0310946
0.158656
0.0801501
0.0409478
0.0297795
0.0625712
0.0449774
0.0296342
0.0319917
0.037523
0.0567948
0.0855758
0.213417
0.119078
0.0334037
0.0386827
0.245229
0.249448
0.0434048
0.0284531
0.0443067
0.178905
0.294958
0.0367263
0.0734089
0.0949843
0.0394611
0.0419813
0.0370646
0.0174672
0.044637
0.0334414
0.0514751
0.0299448
0.0451987
0.261689
0.252804
0.150064
0.0323718
0.0391076
0.105312
0.296303
0.0454616
0.0566026
0.252639
0.0329115
0.13193
0.155086
0.0362094
0.115623
0.191828
0.229257
0.0179573
0.068405
0.0642392
0.213967
0.0443476
0.144589
0.0380563
0.0466516
0.0397059
0.0252382
0.205049
0.0416674
0.0741568
0.200839
0.0503102
0.047855
0.0316058
0.131095
0.115322
0.2061
0.0250182
0.0276853
0.0344802
0.083645
0.0404157
0.0302776
0.066329
0.0253281
0.0570709
0.0375958
0.0340796
0.217972
0.0337607
0.135301
0.0474863
0.0304785
0.289678
0.0331603
0.167147
0.0454378
0.0336485
0.285913
0.138649
0.0198949
0.0314553
0.0293308
0.0415567
0.229652
0.155569
0.240312
0.0406476
0.17207
0.04297
0.0446013
0.115874
0.0586636
0.0436365
0.0749918
0.10861
0.0438448
0.162048
0.0401378
0.0688612
0.0335266
0.0555528
0.0310941
0.23752
0.0306013
0.0381159
0.0647685
0.1469
0.0398407
0.0839094
0.144586
0.0381995
0.035126
0.0260545
0.0960481
0.0471647
0.0357116
0.0628049
0.0392927
0.0422197
0.220894
0.0488094
0.0847577
0.0215398
0.0261948
0.182004
0.0454409
0.0867932
0.0295043
0.216493
0.0407578
0.163039
0.0565625
0.0277315
0.173343
0.0528854
0.0452639
0.118088
0.0309138
0.0251073
0.0704736
0.0378083
0.235077
0.0363204
0.231179
0.053809
0.111105
0.140344
0.0372438
0.0381068
0.0970818
0.0479913
0.026878
0.0308378
0.225713
0.0432983
0.106472
0.0524965
0.118195
0.180444
0.117104
0.0433357
0.216096
0.225753
0.249282
0.177817
0.246836
0.15271
0.0461963
0.114176
0.0401999
0.142538
0.0293928
0.0408452
0.045477
0.0360988
0.257692
0.0321716
0.0512471
0.0373525
0.0437719
0.0723413
0.0432943
0.161256
0.0329966
0.104327
0.250575
0.150086
0.0404936
0.0501326
0.0313231
0.0390713
0.0220979
0.0359149
0.0478041
0.0499123
0.0720497
0.0278133
0.0265252
0.0297196
0.0322315
0.040879
0.050311
0.0425915
0.206852
0.210747
0.125453
0.194348
0.181041
0.0397687
0.0448371
0.247897
0.123519
0.0930352
0.153939
0.0453023
0.0498767
0.0973791
0.023979
0.0511344
0.0583342
0.274045
0.0464608
0.0478739
0.0340993
0.0445565
0.152582
0.0445162
0.0825494
0.0251443
0.0300861
0.0452268
0.0376931
0.0399072
0.0324201
0.0450843
0.240414
0.0400039
0.152019
0.0353478
0.0268614
0.0331962
0.0151025
0.290539
0.045097
0.0347555
0.0459599
0.0216814
0.213206
0.140667
0.0454992
0.349495
0.0489537
0.107771
0.0383613
0.0388617
0.0494355
0.048077
0.123952
0.192609
0.0350422
0.124107
0.047167
0.0444599
0.13427
0.0416107
0.0319657
0.170524
0.0354785
0.08564
0.039328
0.255462
0.040779
0.03179
0.105858
0.0337279
0.0319608
0.0308393
0.0428262
0.137668
0.0443828
0.021052
0.0278836
0.12005
0.0317498
0.123435
0.0370736
0.0753842
0.175385
0.0452102
0.1074
0.0391885
0.184403
0.240607
0.0496356
0.019647
0.0517737
0.248072
0.139733
0.0349888
0.111856
0.218361
0.0378308
0.0693677
0.167488
0.089169
0.0349506
0.0348511
0.0711694
0.0380633
0.0444668
0.0487124
0.174042
0.259496
0.170207
0.0423455
0.0392313
0.0220133
0.0295065
0.0447934
0.0572234
0.0187909
0.0192532
0.02026
0.0777284
0.0727667
0.0484766
0.0440379
0.137134
0.0496463
0.0404482
0.164998
0.0304638
0.0418605
0.140795
0.129077
0.176549
0.0642633
0.121924
0.0744511
0.297969
0.0404242
0.100836
0.234167
0.250983
0.0544317
0.047403
0.236942
0.0445235
0.0282491
0.0661806
0.0631169
0.0439654
0.141488
0.0436599
0.168723
0.0429609
0.0342895
0.0467191
0.0672456
0.066187
0.0301026
0.0328533
0.0656926
0.0689183
0.0411928
0.292184
0.0414678
0.0887473
0.101913
0.042476
0.0427182
0.110893
0.0366787
0.149156
0.226222
0.160898
0.0342208
0.037354
0.0429428
0.0330537
0.0310059
0.0280374
0.0359181
0.0314706
0.0388001
0.038736
0.126071
0.140777
0.0502098
0.0431247
0.036452
0.27912
0.132339
0.0503187
0.0434277
0.0458669
0.106728
0.136769
0.0501337
0.0247111
0.0316205
0.165359
0.0333074
0.160514
0.0709457
0.0381006
0.019064
0.0395216
0.0127889
0.0405832
0.0475789
0.164808
0.0283618
0.0391854
0.0347049
0.124246
0.0505915
0.13735
0.0428692
0.0476724
0.293018
0.0440506
0.037929
0.0529084
0.0451395
0.0260986
0.145428
0.0478884
0.02834
0.056753
0.0943274
0.0459431
0.0786816
0.124684
0.0447219
0.0245207
0.140891
0.119719
0.028504
0.0707683
0.0296409
0.0407271
0.115899
0.0336709
0.0367713
0.0553822
0.0528684
0.0991289
0.23505
0.106972
0.0315841
0.0872342
0.0391942
0.0272703
0.0287347
0.0410703
0.0427656
0.24976
0.0375862
0.0556941
0.23226
0.0186001
0.04826
0.0415879
0.178782
0.0304924
0.271908
0.122153
0.12685
0.0884443
0.0469674
0.046626
0.0405813
0.0408537
0.033599
0.112755
0.0307556
0.225138
0.0417209
0.140492
0.120989
0.0236864
0.249984
0.0309542
0.0482842
0.112454
0.0408434
0.178312
0.0482781
0.0411789
0.0456086
0.0332172
0.225192
0.141533
0.0255412
0.0460791
0.0879382
0.0402255
0.0442622
0.0217522
0.15346
0.0949259
0.0406891
0.0451657
0.0325183
0.102178
0.163642
0.129787
0.0455822
0.0928839
0.0264826
0.0353874
0.207854
0.0286458
0.0317891
0.0369573
0.274155
0.126837
0.166965
0.0285481
0.138786
0.135073
0.0358785
0.124586
0.0353679
0.0411948
0.0345512
0.117694
0.0361264
0.0445641
0.0211237
0.0447682
0.0398126
0.0384471
0.126097
0.0394769
0.0320508
0.184694
0.0914366
0.0469309
0.0381131
0.0423801
0.0348155
0.0476505
0.045647
0.184877
0.0465557
0.0366867
0.0291147
0.226632
0.0360135
0.0398507
0.0473307
0.0276158
0.0454569
0.048698
0.283938
0.0245107
0.0362732
0.177477
0.0748387
0.040237
0.0365321
0.0436041
0.050422
0.260083
0.029665
0.0404023
0.148422
0.027156
0.198394
0.0457727
0.143242
0.166384
0.0691484
0.15098
0.0493185
0.141965
0.0446148
0.0873632
0.0326576
0.0500396
0.134139
0.0307882
0.0406604
0.0293147
0.0322177
0.0476188
0.127293
0.0886142
0.080808
0.0378517
0.0220654
0.03189
0.0481959
0.193462
0.142595
0.237449
0.0931632
0.136832
0.0407121
0.167416
0.188822
0.0451767
0.251048
0.0321541
0.025565
0.0318327
0.0362317
0.043151
0.0339992
0.0340451
0.0333275
0.0751316
0.0351718
0.156248
0.134431
0.0336679
0.0410322
0.0263285
0.0398054
0.243874
0.0237608
0.0357474
0.0297062
0.0435663
0.0409393
0.0433011
0.215602
0.0491822
0.0442962
0.045215
0.0333135
0.0446299
0.0886584
0.0752344
0.043178
0.0368556
0.0499788
0.211908
0.0443889
0.0334181
0.0236559
0.0392537
0.22283
0.0968007
0.274352
0.122265
0.0645677
0.0780188
0.168683
0.032633
0.0408792
0.0406994
0.225144
0.225415
0.036888
0.124096
0.0361063
0.23439
0.156355
0.0415116
0.0447496
0.153876
0.0521081
0.0225353
0.0214617
0.0295928
0.123601
0.125099
0.0445195
0.0447648
0.117259
0.0461272
0.0497274
0.0470446
0.067444
0.194691
0.0746936
0.044507
0.0213015
0.0911116
0.0372708
0.0743401
0.09294
0.0707622
0.184954
0.02842
0.134844
0.0454709
0.0468938
0.0374787
0.0991578
0.0415584
0.038366
0.277286
0.0405522
0.0839759
0.0151414
0.061343
0.0459782
0.0435735
0.041246
0.133136
0.0434733
0.0390657
0.073712
0.21328
0.0714021
0.138067
0.138544
0.0391047
0.0261753
0.0979321
0.139589
0.0474426
0.0341746
0.0417616
0.0492324
0.0278808
0.0282248
0.0905754
0.0350701
0.0330776
0.0443443
0.0686619
0.0374598
0.153585
0.0476162
0.0485502
0.0486435
0.14021
0.0312324
0.0398342
0.0354377
0.0762182
0.0421503
0.136781
0.028759
0.119906
0.0408082
0.0950998
0.0389696
0.0873683
0.0664589
0.075219
0.044623
0.10543
0.0467003
0.0602144
0.118387
0.0996562
0.0404904
0.0464391
0.0246541
0.0414193
0.240042
0.259879
0.260713
0.0483373
0.0709207
0.0342298
0.0418608
0.0388985
0.0409774
0.0335344
0.109202
0.167553
0.0333185
0.235086
0.0471503
0.0486071
0.0299034
0.0382978
0.213554
0.0363136
0.0245808
0.0378233
0.0498701
0.0404548
0.023588
0.0205608
0.0483075
0.153325
0.0273271
0.0544028
0.0476023
0.21046
0.0268758
0.040154
0.0413433
0.0309204
0.095238
0.0358316
0.135221
0.0428855
0.248745
0.0901727
0.0369209
0.0351391
0.280199
0.0471513
0.0454256
0.143459
0.137956
0.0429268
0.0315748
0.235603
0.040593
0.0377646
0.0429524
0.287377
0.0421108
0.0436884
0.0228933
0.177932
0.0384131
0.0380022
0.04122
0.143737
0.0397605
0.10987
0.0410039
0.156102
0.0942758
0.0437489
0.0302279
0.0250905
0.0361282
0.124867
0.0336323
0.0398559
0.0426162
0.0947103
0.0498754
0.118846
0.136047
0.156327
0.037986
0.256054
0.0448042
0.0455512
0.0331245
0.0369633
0.0322271
0.226078
0.0359934
0.0270852
0.0706364
0.175676
0.0433773
0.0187659
0.0408723
0.152972
0.0733633
0.0234659
0.127225
0.0432805
0.0507807
0.0380855
0.12322
0.0288605
0.0298818
0.05276
0.137003
0.11684
0.0419269
0.0365715
0.0321581
0.0386445
0.0199043
0.0367465
0.107124
0.0951662
0.193737
0.0444021
0.0913105
0.107437
0.0238367
0.24535
0.114742
0.0107583
0.0471569
0.0406412
0.0390896
0.0443051
0.0353014
0.045153
0.319658
0.0388283
0.0404717
0.105279
0.0461355
0.0368841
0.149043
0.0492756
0.0377544
0.0375088
0.0950374
0.0321962
0.0301475
0.147118
0.118244
0.0172314
0.223646
0.0810213
0.177083
0.044055
0.0425065
0.138524
0.143498
0.118462
0.153159
0.0359927
0.0372759
0.0928028
0.0947773
0.0356999
0.0232521
0.112126
0.108134
0.229791
0.0234005
0.0543064
0.183777
0.0445513
0.0413923
0.074762
0.103674
0.0276938
0.15037
0.0448293
0.0442869
0.0283603
0.0598922
0.0400816
0.0458222
0.242449
0.263872
0.0281289
0.113807
0.0402094
0.0359629
0.10419
0.0426768
0.0338958
0.240701
0.0385146
0.0743596
0.267934
0.0385873
0.0581534
0.0333886
0.0367077
0.0393752
0.0269686
0.026975
0.0444408
0.0257044
0.0380023
0.0463321
0.0466606
0.04277
0.0367132
0.0418591
0.0452049
0.050051
0.0485661
0.0369727
0.127322
0.0224378
0.0304858
0.0493244
0.117756
0.191296
0.0458925
0.0485322
0.0356798
0.0723133
0.0409708
0.0304428
0.0406814
0.143504
0.0292095
0.0452192
0.0938867
0.026521
0.104416
0.125775
0.122302
0.0331744
0.0385997
0.0546553
0.137871
0.0443065
0.240986
0.138527
0.0278618
0.0468604
0.043371
0.219218
0.0345703
0.0246948
0.0295743
0.0459751
0.119652
0.0331821
0.0479551
0.157116
0.0693502
0.0288189
0.0391897
0.0220923
0.0312964
0.147138
0.0262537
0.0407455
0.0555855
0.221648
0.0435055
0.0819202
0.0242279
0.0438303
0.0350252
0.140456
0.0240884
0.212201
0.340992
0.0432267
0.0223309
0.0453142
0.0380746
0.136715
0.0575257
0.0908909
0.0341394
0.0338184
0.0454462
0.0314498
0.0546058
0.0949077
0.075868
0.0338118
0.0394953
0.0430189
0.0419037
0.0186808
0.0364961
0.251562
0.0458195
0.0368302
0.0218275
0.106153
0.0916364
0.0526278
0.0419369
0.0314685
0.064265
0.262281
0.045199
0.041927
0.0443218
0.0494142
0.0356879
0.0358747
0.243596
0.0309685
0.0500082
0.076064
0.0371032
0.0976212
0.100166
0.0433945
0.242776
0.0393288
0.14426
0.047492
0.0931484
0.186597
0.0479295
0.0735817
0.0361239
0.0394079
0.0250802
0.0421671
0.0775685
0.045006
0.268723
0.0435051
0.0289944
0.120036
0.0354441
0.191571
0.0790828
0.200352
0.0310532
0.0340899
0.0488706
0.0382247
0.0430932
0.0922061
0.0443521
0.0426184
0.0302126
0.0448827
0.0350743
0.0496452
0.0679745
0.0426828
0.0438732
0.196776
0.0608518
0.208905
0.226017
0.211803
0.0293046
0.143828
0.0427632
0.0464305
0.0454778
0.0436992
0.0323472
0.0272234
0.194161
0.312216
0.0261561
0.128613
0.241888
0.0224814
0.0938595
0.28889
0.119442
0.051444
0.0322046
0.032994
0.0545815
0.0445797
0.0295222
0.0924886
0.0413659
0.13582
0.0295465
0.0486733
0.0372039
0.0246322
0.040011
0.0291136
0.12782
0.249021
0.0569583
0.0735084
0.0385685
0.100173
0.0294656
0.033125
0.0421167
0.131781
0.136605
0.0781304
0.0766688
0.244812
0.0497523
0.227369
0.0420237
0.139612
0.0697607
0.16682
0.221033
0.180127
0.226199
0.0450129
0.165978
0.0422463
0.0473667
0.0266927
0.105156
0.040168
0.229255
0.0410018
0.0279776
0.0208253
0.11818
0.0430833
0.107062
0.0404375
0.104434
0.143757
0.174134
0.257422
0.0388996
0.18401
0.0390673
0.0381764
0.0463665
0.0430079
0.162066
0.0474546
0.0437991
0.137686
0.0263308
0.0335282
0.0327949
0.0363223
0.257933
0.126888
0.150147
0.0256946
0.0422569
0.0483189
0.186317
0.0439603
0.0180787
0.0367688
0.115914
0.242055
0.193622
0.0475466
0.0315098
0.0253358
0.0378417
0.0246366
0.0353625
0.0360821
0.0228265
0.0508928
0.0446592
0.0472106
0.0271071
0.0421715
0.0750468
0.134758
0.0342561
0.0382843
0.0664914
0.250718
0.0316441
0.144795
0.131584
0.0428007
0.261141
0.0737811
0.0296639
0.0465469
0.121614
0.0407167
0.035794
0.0461529
0.0410409
0.038494
0.0482662
0.044955
0.142356
0.0325227
0.0475873
0.0406903
0.122618
0.0255896
0.0453407
0.0470998
0.142376
0.0301438
0.0535364
0.107755
0.0417316
0.0392821
0.0384582
0.0749697
0.0182054
0.0682979
0.106313
0.0493805
0.0296919
0.0530511
0.0410282
0.0352819
0.0404536
0.0360714
0.0316657
0.0394793
0.0409487
0.0344091
0.1533
0.0466437
0.0372579
0.072018
0.0467718
0.0343884
0.0381961
0.0303218
0.278945
0.105572
0.0285756
0.123846
0.0485379
0.048797
0.0431515
0.047481
0.0497299
0.0464685
0.172217
0.083052
0.134109
0.186226
0.0399434
0.038674
0.171791
0.0484128
0.232408
0.0268482
0.0302025
0.112665
0.0949395
0.232562
0.140325
0.0417466
0.0373392
0.0450256
0.0359922
0.0398987
0.162251
0.0277997
0.0258439
0.233313
0.0343814
0.0370802
0.0367762
0.0534668
0.0441314
0.0504726
0.097228
0.0339719
0.176174
0.287173
0.181809
0.0413152
0.0277828
0.0286964
0.0429154
0.0670583
0.28458
0.252321
0.130728
0.043181
0.0465682
0.0426695
0.0267684
0.138254
0.150235
0.175158
0.0313299
0.0416786
0.0266845
0.0134208
0.0420348
0.0466868
0.0974625
0.0442789
0.0516395
0.0330333
0.161161
0.0230174
0.110266
0.0609506
0.0497163
0.181448
0.131626
0.225591
0.0842989
0.0445108
0.0419644
0.176147
0.0329629
0.122083
0.0448904
0.159268
0.0197341
0.094033
0.0413176
0.0483665
0.0228921
0.0452094
0.114487
0.094055
0.0477554
0.0368573
0.149828
0.0366993
0.142233
0.0331997
0.0345173
0.0412951
0.127076
0.144944
0.0383708
0.0489709
0.0855378
0.108836
0.0448845
0.0426828
0.149356
0.0692279
0.0947197
0.0430043
0.162001
0.0377665
0.0458483
0.0196147
0.124647
0.0403385
0.0412829
0.0411329
0.0853312
0.047265
0.0301882
0.249466
0.0432085
0.0500364
0.0470678
0.0650677
0.0489145
0.044424
0.0431063
0.0520484
0.0443699
0.0221896
0.0460022
0.0277322
0.0406847
0.0796382
0.109154
0.0318677
0.0360541
0.0516127
0.0436857
0.131585
0.146101
0.0246088
0.0192025
0.0377322
0.0854206
0.043099
0.182501
0.0492994
0.0950061
0.0468983
0.035208
0.116075
0.0793521
0.0566824
0.0307355
0.268326
0.0220485
0.0968598
0.107703
0.0443368
0.152315
0.0474494
0.0410403
0.0415897
0.138255
0.0507005
0.0434967
0.0481048
0.048058
0.0385028
0.0373545
0.209795
0.236651
0.0746153
0.0473672
0.162913
0.0440851
0.0467177
0.0708393
0.208636
0.0443726
0.0846671
0.0944667
0.0237529
0.10125
0.0451611
0.386744
0.0421821
0.042973
0.0394693
0.027744
0.1429
0.0457621
0.0410607
0.0382814
0.0482545
0.116789
0.141364
0.0178691
0.0907876
0.116932
0.0454279
0.087751
0.103422
0.116081
0.0760403
0.0760168
0.0417398
0.0214694
0.199238
0.133893
0.0378071
0.0453885
0.0402793
0.0338472
0.0439952
0.124405
0.233811
0.120703
0.0374141
0.0375977
0.014097
0.0833853
0.0391531
0.037138
0.193641
0.0405371
0.0437038
0.0420418
0.092534
0.038498
0.0477751
0.0459604
0.0458605
0.0795499
0.0456349
0.0387728
0.0873697
0.0463207
0.0387478
0.121245
0.0299595
0.0410272
0.230427
0.0274783
0.0380292
0.040171
0.180247
0.0338553
0.0377227
0.0336094
0.0340087
0.0394825
0.150118
0.0309478
0.162866
0.228752
0.0732128
0.0350077
0.0313687
0.176038
0.0488498
0.12602
0.182018
0.138677
0.107786
0.0426541
0.0516839
0.0455024
0.0454053
0.0458809
0.0235659
0.0405319
0.133874
0.0452819
0.215545
0.110106
0.036313
0.223984
0.0393272
0.139252
0.227088
0.0243892
0.0387137
0.188187
0.106888
0.223975
0.0430606
0.0304002
0.139646
0.0908636
0.0414872
0.0472101
0.0381131
0.156219
0.0249565
0.119086
0.0343643
0.142688
0.0199186
0.0442572
0.23366
0.0488962
0.0425065
0.0479296
0.0386899
0.0779169
0.0420449
0.0445687
0.0402282
0.0314521
0.240686
0.0401323
0.0415117
0.043954
0.0383217
0.0185707
0.0549501
0.113269
0.078203
0.182911
0.0347179
0.0415729
0.0352152
0.130538
0.275855
0.0422707
0.260673
0.251215
0.266458
0.0751142
0.0431097
0.247089
0.224297
0.0630047
0.0388476
0.0351374
0.0820462
0.190908
0.0360387
0.0970911
0.0272185
0.26747
0.0869947
0.0344291
0.0392314
0.192913
0.0463483
0.0471692
0.0388614
0.107382
0.0233342