0.0433288
0.0830508
0.0318383
0.0408561
0.0474115
0.0295974
0.0396916
0.0375748
0.0402766
0.0259111
0.0345038
0.0393202
0.0376853
0.0263489
0.046776
0.0355082
0.0492273
0.0341827
0.0439186
0.0842202
0.0433449
0.0423932
0.0411687
0.0447333
0.037212
0.040621
0.0291015
0.0488222
0.047304
0.0450699
0.0375164
0.0449774
0.0454616
0.0252382
0.0416674
0.0503102
0.0404157
0.0474863
0.0304785
0.0336485
0.0314553
0.0293308
0.0446013
0.0392927
0.0488094
0.0452639
0.0309138
0.0308378
0.0432983
0.0433357
0.0478041
0.040879
0.0930352
0.048077
0.0354785
0.039328
0.03179
0.0319608
0.0308393
0.0428262
0.0753842
0.0391885
0.0378308
0.0487124
0.0423455
0.0192532
0.0484766
0.0496463
0.0418605
0.0328533
0.0310059
0.038736
0.036452
0.0434277
0.0316205
0.0381006
0.0283618
0.02834
0.0459431
0.0245207
0.028504
0.0287347
0.0410703
0.0415879
0.0884443
0.0398126
0.0748387
0.040237
0.027156
0.0307882
0.045215
0.0236559
0.061343
0.0459782
0.0492324
0.0443443
0.0374598
0.0354377
0.0228933
0.0398559
0.0187659
0.0234659
0.0380855
0.0365715
0.0386445
0.0375088
0.0400816
0.0333886
0.0269686
0.0380023
0.04277
0.0418591
0.0406814
0.0292095
0.0278618
0.043371
0.0220923
0.0438303
0.0314498
0.0394953
0.0419369
0.041927
0.0371032
0.0250802
0.045006
0.0354441
0.0426184
0.0350743
0.0293046
0.0261561
0.0445797
0.0246322
0.0327949
0.0439603
0.0367688
0.0472106
0.0750468
0.0465469
0.0407167
0.035794
0.0461529
0.0410409
0.0475873
0.0394793
0.0373392
0.0258439
0.0504726
0.0413152
0.0426695
0.0313299
0.0483665
0.0345173
0.0458483
0.0500364
0.0470678
0.0406847
0.0436857
0.0246088
0.0410403
0.0373545
0.0394693
0.0454279
0.0374141
0.014097
0.0456349
0.0426541
0.036313
0.0751142
0.0431097
0.0360387
0.0388614