0.034315
0.0238551
0.0433288
0.0297772
0.0215364
0.0447428
0.037808
0.044011
0.0381721
0.0425381
0.021454
0.0346884
0.0906123
0.0264409
0.0380176
0.039376
0.0303726
0.0274815
0.0363284
0.0830508
0.030508
0.0312248
0.0247085
0.0465873
0.0616907
0.0183928
0.0431844
0.0351359
0.0318383
0.0374026
0.0408561
0.0474115
0.0295974
0.0372828
0.0436935
0.0328661
0.036024
0.0438898
0.0455253
0.0200892
0.0393411
0.0331565
0.0296983
0.0324451
0.0119697
0.0398738
0.0472563
0.0260798
0.0431639
0.0452283
0.0476347
0.0374128
0.0396916
0.0307015
0.0375748
0.0402766
0.0388421
0.0253047
0.0259111
0.038097
0.033258
0.032183
0.0341404
0.0345038
0.0367534
0.0483083
0.0435186
0.0298823
0.0398461
0.0474064
0.0453609
0.024525
0.0393202
0.0373084
0.0466443
0.0443332
0.0387933
0.0376853
0.0263489
0.046776
0.0338887
0.0422128
0.0352791
0.0498364
0.0250259
0.0419344
0.0366634
0.0494956
0.0435759
0.0249871
0.0355082
0.0391039
0.0489459
0.0436751
0.0487906
0.0438846
0.0492273
0.0394192
0.0427918
0.0345105
0.0461767
0.0472594
0.0439644
0.0212879
0.0315776
0.0485203
0.0256454
0.0341827
0.0439186
0.0822765
0.0499463
0.0334066
0.0459642
0.0417234
0.0412946
0.0423812
0.0842202
0.043626
0.0357465
0.0377992
0.0348998
0.0335085
0.0418567
0.0378898
0.0421292
0.0321062
0.0357235
0.0433449
0.0423932
0.0428976
0.0411614
0.0192272
0.0396507
0.0327709
0.0230114
0.0482895
0.0463748
0.0439973
0.032868
0.0451546
0.0411687
0.0447333
0.0422965
0.0371382
0.0498425
0.0398908
0.0381917
0.02639
0.0940394
0.0372383
0.037212
0.0321586
0.0401078
0.0669184
0.0239967
0.029056
0.045196
0.035777
0.040621
0.0291015
0.0488222
0.0316842
0.0472441
0.014921
0.0433167
0.0262953
0.0252345
0.0442058
0.0145759
0.0339042
0.0379264
0.0386
0.0305579
0.047304
0.0450699
0.0463703
0.0289922
0.0375164
0.0310946
0.0297795
0.0449774
0.0296342
0.0319917
0.037523
0.0434048
0.0284531
0.0443067
0.0367263
0.0949843
0.0394611
0.0419813
0.0174672
0.0334414
0.0514751
0.0299448
0.0451987
0.0323718
0.0391076
0.0454616
0.0329115
0.0362094
0.0179573
0.0380563
0.0466516
0.0397059
0.0252382
0.0416674
0.0503102
0.047855
0.0316058
0.0250182
0.0276853
0.083645
0.0404157
0.0302776
0.0253281
0.0375958
0.0340796
0.0337607
0.0474863
0.0304785
0.0331603
0.0454378
0.0336485
0.0198949
0.0314553
0.0293308
0.0415567
0.04297
0.0446013
0.0438448
0.0335266
0.0310941
0.0306013
0.0381159
0.0398407
0.0839094
0.035126
0.0260545
0.0471647
0.0392927
0.0422197
0.0488094
0.0215398
0.0295043
0.0407578
0.0277315
0.0452639
0.0309138
0.0251073
0.0704736
0.0378083
0.0363204
0.0372438
0.0381068
0.0970818
0.026878
0.0308378
0.0432983
0.0433357
0.0461963
0.0401999
0.0293928
0.045477
0.0360988
0.0321716
0.0512471
0.0373525
0.0437719
0.0432943
0.0404936
0.0501326
0.0220979
0.0359149
0.0478041
0.0278133
0.0297196
0.0322315
0.040879
0.0397687
0.0448371
0.0930352
0.0453023
0.0498767
0.023979
0.0464608
0.0478739
0.0445162
0.0251443
0.0300861
0.0452268
0.0376931
0.0399072
0.0324201
0.0450843
0.0400039
0.0353478
0.0268614
0.0331962
0.0151025
0.0347555
0.0216814
0.0454992
0.0383613
0.0388617
0.048077
0.0444599
0.0416107
0.0319657
0.0354785
0.08564
0.039328
0.040779
0.03179
0.0337279
0.0319608
0.0308393
0.0428262
0.0443828
0.021052
0.0278836
0.0317498
0.0753842
0.0391885
0.0496356
0.0349888
0.0378308
0.0349506
0.0348511
0.0444668
0.0487124
0.0423455
0.0392313
0.0220133
0.0295065
0.0447934
0.0187909
0.0192532
0.02026
0.0484766
0.0440379
0.0496463
0.0304638
0.0418605
0.0642633
0.0404242
0.0445235
0.0661806
0.0439654
0.0436599
0.0429609
0.0342895
0.0301026
0.0328533
0.0411928
0.0414678
0.042476
0.0427182
0.0342208
0.0429428
0.0310059
0.0280374
0.0359181
0.0388001
0.038736
0.0502098
0.0431247
0.036452
0.0503187
0.0434277
0.0458669
0.0501337
0.0247111
0.0316205
0.0333074
0.0381006
0.0127889
0.0405832
0.0283618
0.0391854
0.0347049
0.0428692
0.0476724
0.037929
0.0451395
0.0260986
0.02834
0.0943274
0.0459431
0.0447219
0.0245207
0.028504
0.0296409
0.0407271
0.0336709
0.0367713
0.0391942
0.0272703
0.0287347
0.0410703
0.0427656
0.0375862
0.0186001
0.0415879
0.0304924
0.0884443
0.0469674
0.046626
0.0408537
0.033599
0.0307556
0.0236864
0.0309542
0.0482842
0.0408434
0.0482781
0.0411789
0.0456086
0.0332172
0.0255412
0.0460791
0.0402255
0.0442622
0.0217522
0.0406891
0.0325183
0.0455822
0.0264826
0.0353874
0.0317891
0.0369573
0.0285481
0.0358785
0.0353679
0.0411948
0.0345512
0.0361264
0.0445641
0.0211237
0.0447682
0.0398126
0.0384471
0.0394769
0.0469309
0.0381131
0.0423801
0.0348155
0.045647
0.0465557
0.0366867
0.0291147
0.0360135
0.0398507
0.0473307
0.0276158
0.0454569
0.0245107
0.0748387
0.040237
0.0365321
0.050422
0.029665
0.027156
0.0457727
0.0493185
0.0446148
0.0873632
0.0326576
0.0307882
0.0406604
0.0293147
0.0322177
0.0476188
0.0378517
0.0220654
0.03189
0.0451767
0.0321541
0.025565
0.043151
0.0339992
0.0340451
0.0333275
0.0351718
0.0336679
0.0410322
0.0263285
0.0357474
0.0297062
0.0409393
0.0433011
0.0491822
0.0442962
0.045215
0.0333135
0.0446299
0.043178
0.0368556
0.0499788
0.0443889
0.0334181
0.0236559
0.0392537
0.0968007
0.0408792
0.0406994
0.0361063
0.0415116
0.0447496
0.0225353
0.0295928
0.0445195
0.0447648
0.0461272
0.0497274
0.044507
0.0213015
0.0372708
0.0415584
0.0405522
0.0839759
0.0151414
0.061343
0.0459782
0.0435735
0.041246
0.0434733
0.0390657
0.0261753
0.0474426
0.0341746
0.0417616
0.0492324
0.0282248
0.0350701
0.0330776
0.0443443
0.0374598
0.0476162
0.0485502
0.0312324
0.0398342
0.0354377
0.0408082
0.0389696
0.075219
0.044623
0.0467003
0.0602144
0.0404904
0.0246541
0.0414193
0.0709207
0.0342298
0.0418608
0.0388985
0.0409774
0.0335344
0.0333185
0.0471503
0.0486071
0.0299034
0.0382978
0.0363136
0.0245808
0.0498701
0.0404548
0.023588
0.0205608
0.0483075
0.0273271
0.0476023
0.0268758
0.040154
0.0309204
0.095238
0.0358316
0.0369209
0.0351391
0.0471513
0.0454256
0.0429268
0.0377646
0.0429524
0.0421108
0.0436884
0.0228933
0.0384131
0.0380022
0.04122
0.0397605
0.0410039
0.0437489
0.0302279
0.0250905
0.0361282
0.0336323
0.0398559
0.0426162
0.037986
0.0448042
0.0369633
0.0322271
0.0359934
0.0270852
0.0433773
0.0187659
0.0234659
0.0507807
0.0380855
0.0298818
0.0419269
0.0365715
0.0386445
0.0199043
0.0444021
0.0913105
0.0238367
0.0107583
0.0471569
0.0406412
0.0443051
0.0353014
0.045153
0.0388283
0.0404717
0.0368841
0.0492756
0.0377544
0.0375088
0.0321962
0.0301475
0.0172314
0.044055
0.0425065
0.0359927
0.0372759
0.0356999
0.0445513
0.0413923
0.0276938
0.0448293
0.0442869
0.0283603
0.0400816
0.0458222
0.0281289
0.0402094
0.0359629
0.0426768
0.0338958
0.0385146
0.0385873
0.0333886
0.0367077
0.0393752
0.0269686
0.026975
0.0444408
0.0257044
0.0380023
0.0463321
0.0466606
0.04277
0.0367132
0.0418591
0.0452049
0.0485661
0.0369727
0.0224378
0.0304858
0.0493244
0.0458925
0.0485322
0.0356798
0.0723133
0.0409708
0.0304428
0.0406814
0.0292095
0.0452192
0.026521
0.0331744
0.0443065
0.0278618
0.0468604
0.043371
0.0345703
0.0246948
0.0331821
0.0479551
0.0693502
0.0288189
0.0220923
0.0312964
0.0262537
0.0407455
0.0435055
0.0242279
0.0438303
0.0240884
0.0432267
0.0223309
0.0453142
0.0908909
0.0454462
0.0314498
0.0338118
0.0394953
0.0430189
0.0419037
0.0186808
0.0364961
0.0458195
0.0368302
0.0218275
0.0916364
0.0419369
0.0314685
0.045199
0.041927
0.0494142
0.0356879
0.0309685
0.0371032
0.047492
0.0479295
0.0394079
0.0250802
0.0421671
0.045006
0.0435051
0.0289944
0.0354441
0.0790828
0.0310532
0.0340899
0.0488706
0.0382247
0.0430932
0.0443521
0.0426184
0.0302126
0.0448827
0.0350743
0.0496452
0.0426828
0.0438732
0.0293046
0.0427632
0.0454778
0.0323472
0.0272234
0.0261561
0.0224814
0.0322046
0.032994
0.0445797
0.0295222
0.0295465
0.0486733
0.0372039
0.0246322
0.040011
0.0291136
0.0569583
0.0385685
0.0294656
0.033125
0.0421167
0.0781304
0.0450129
0.0422463
0.0473667
0.0266927
0.040168
0.0410018
0.0279776
0.0430833
0.0404375
0.0388996
0.0390673
0.0381764
0.0463665
0.0437991
0.0335282
0.0327949
0.0363223
0.0483189
0.0439603
0.0180787
0.0367688
0.0475466
0.0315098
0.0253358
0.0246366
0.0353625
0.0360821
0.0228265
0.0508928
0.0446592
0.0472106
0.0750468
0.0342561
0.0382843
0.0316441
0.0428007
0.0465469
0.0407167
0.035794
0.0461529
0.0410409
0.038494
0.0482662
0.0475873
0.0255896
0.0453407
0.0470998
0.0301438
0.0417316
0.0392821
0.0384582
0.0182054
0.0493805
0.0410282
0.0352819
0.0360714
0.0316657
0.0394793
0.0409487
0.0344091
0.0466437
0.0372579
0.0467718
0.0343884
0.0381961
0.0285756
0.048797
0.0431515
0.0464685
0.038674
0.0302025
0.0417466
0.0373392
0.0450256
0.0359922
0.0398987
0.0277997
0.0258439
0.0343814
0.0367762
0.0504726
0.097228
0.0413152
0.0277828
0.0286964
0.0429154
0.043181
0.0426695
0.0267684
0.0313299
0.0416786
0.0266845
0.0134208
0.0466868
0.0442789
0.0330333
0.0230174
0.0497163
0.0419644
0.0329629
0.0197341
0.0483665
0.094055
0.0477554
0.0368573
0.0366993
0.0331997
0.0345173
0.0412951
0.0383708
0.0448845
0.0426828
0.0947197
0.0430043
0.0377665
0.0458483
0.0196147
0.0403385
0.0411329
0.047265
0.0301882
0.0500364
0.0470678
0.0489145
0.044424
0.0431063
0.0443699
0.0277322
0.0406847
0.0318677
0.0360541
0.0436857
0.0246088
0.0192025
0.0377322
0.0854206
0.043099
0.0492994
0.0468983
0.0220485
0.0474494
0.0410403
0.0415897
0.0434967
0.0481048
0.0385028
0.0373545
0.0440851
0.0443726
0.0846671
0.0237529
0.0451611
0.0421821
0.042973
0.0394693
0.027744
0.0457621
0.0410607
0.0382814
0.0482545
0.0178691
0.0454279
0.087751
0.0417398
0.0378071
0.0453885
0.0402793
0.0338472
0.0439952
0.0374141
0.014097
0.0391531
0.037138
0.0405371
0.0437038
0.0420418
0.038498
0.0459604
0.0458605
0.0456349
0.0387728
0.0463207
0.0299595
0.0410272
0.0274783
0.0380292
0.040171
0.0338553
0.0336094
0.0340087
0.0732128
0.0350077
0.0313687
0.0488498
0.0426541
0.0455024
0.0454053
0.0458809
0.0452819
0.036313
0.0393272
0.0243892
0.0387137
0.0430606
0.0304002
0.0414872
0.0472101
0.0381131
0.0249565
0.0343643
0.0199186
0.0442572
0.0488962
0.0425065
0.0479296
0.0386899
0.0445687
0.0314521
0.0401323
0.043954
0.0383217
0.0185707
0.0347179
0.0352152
0.0422707
0.0751142
0.0431097
0.0388476
0.0360387
0.0970911
0.0272185
0.0392314
0.0463483
0.0471692
0.0388614
0.0233342